              n              m            jnm       jnm_deri            ynm       ynm_deri
              0              1  2.4048256D+00  3.8317060D+00  8.9357697D-01  2.1971413D+00
              0              2  5.5200781D+00  7.0155867D+00  3.9576784D+00  5.4296810D+00
              0              3  8.6537279D+00  1.0173468D+01  7.0860511D+00  8.5960059D+00
              0              4  1.1791534D+01  1.3323692D+01  1.0222345D+01  1.1749155D+01
              0              5  1.4930918D+01  1.6470630D+01  1.3361097D+01  1.4897442D+01
              0              6  1.8071064D+01  1.9615859D+01  1.6500922D+01  1.8043402D+01
              0              7  2.1211637D+01  2.2760084D+01  1.9641310D+01  2.1188069D+01
              0              8  2.4352472D+01  2.5903672D+01  2.2782028D+01  2.4331943D+01
              0              9  2.7493479D+01  2.9046829D+01  2.5922958D+01  2.7475295D+01
              1              1  3.8317060D+00  1.8411838D+00  2.1971413D+00  3.6830229D+00
              1              2  7.0155867D+00  5.3314428D+00  5.4296810D+00  6.9415000D+00
              1              3  1.0173468D+01  8.5363164D+00  8.5960059D+00  1.0123405D+01
              1              4  1.3323692D+01  1.1706005D+01  1.1749155D+01  1.3285758D+01
              1              5  1.6470630D+01  1.4863589D+01  1.4897442D+01  1.6440058D+01
              1              6  1.9615859D+01  1.8015528D+01  1.8043402D+01  1.9590242D+01
              1              7  2.2760084D+01  2.1164370D+01  2.1188069D+01  2.2738035D+01
              1              8  2.5903672D+01  2.4311327D+01  2.4331943D+01  2.5884315D+01
              1              9  2.9046829D+01  2.7457051D+01  2.7475295D+01  2.9029576D+01
              2              1  5.1356223D+00  3.0542369D+00  3.3842418D+00  5.0025829D+00
              2              2  8.4172441D+00  6.7061332D+00  6.7938075D+00  8.3507247D+00
              2              3  1.1619841D+01  9.9694678D+00  1.0023478D+01  1.1574195D+01
              2              4  1.4795952D+01  1.3170371D+01  1.3209987D+01  1.4760909D+01
              2              5  1.7959819D+01  1.6347522D+01  1.6378967D+01  1.7931286D+01
              2              6  2.1116997D+01  1.9512913D+01  1.9539040D+01  2.1092895D+01
              2              7  2.4270112D+01  2.2671582D+01  2.2693956D+01  2.4249232D+01
              2              8  2.7420574D+01  2.5826037D+01  2.5845614D+01  2.7402146D+01
              2              9  3.0569204D+01  2.8977673D+01  2.8995080D+01  3.0552709D+01
              3              1  6.3801619D+00  4.2011889D+00  4.5270247D+00  6.2536332D+00
              3              2  9.7610231D+00  8.0152366D+00  8.0975538D+00  9.6987880D+00
              3              3  1.3015201D+01  1.1345924D+01  1.1396467D+01  1.2972409D+01
              3              4  1.6223466D+01  1.4585848D+01  1.4623078D+01  1.6190447D+01
              3              5  1.9409415D+01  1.7788748D+01  1.7818455D+01  1.9382388D+01
              3              6  2.2582730D+01  2.0972477D+01  2.0997285D+01  2.2559792D+01
              3              7  2.5748167D+01  2.4144897D+01  2.4166236D+01  2.5728213D+01
              3              8  2.8908351D+01  2.7310058D+01  2.7328800D+01  2.8890678D+01
              3              9  3.2064852D+01  3.0470269D+01  3.0486990D+01  3.2048984D+01
              4              1  7.5883424D+00  5.3175531D+00  5.6451479D+00  7.4649217D+00
              4              2  1.1064709D+01  9.2823963D+00  9.3616206D+00  1.1005169D+01
              4              3  1.4372537D+01  1.2681908D+01  1.2730144D+01  1.4331724D+01
              4              4  1.7615966D+01  1.5964107D+01  1.5999627D+01  1.7584436D+01
              4              5  2.0826933D+01  1.9196029D+01  1.9224429D+01  2.0801062D+01
              4              6  2.4019020D+01  2.2401032D+01  2.2424811D+01  2.3997004D+01
              4              7  2.7199088D+01  2.5589760D+01  2.5610267D+01  2.7179887D+01
              4              8  3.0371008D+01  2.8767836D+01  2.8785894D+01  3.0353961D+01
              4              9  3.3537138D+01  3.1938539D+01  3.1954687D+01  3.3521797D+01
              5              1  8.7714838D+00  6.4156164D+00  6.7471838D+00  8.6495562D+00
              5              2  1.2338604D+01  1.0519861D+01  1.0597177D+01  1.2280869D+01
              5              3  1.5700174D+01  1.3987189D+01  1.4033804D+01  1.5660799D+01
              5              4  1.8980134D+01  1.7312842D+01  1.7347086D+01  1.8949740D+01
              5              5  2.2217800D+01  2.0575515D+01  2.0602899D+01  2.2192842D+01
              5              6  2.5430341D+01  2.3803581D+01  2.3826536D+01  2.5409073D+01
              5              7  2.8626618D+01  2.7010308D+01  2.7030135D+01  2.8608039D+01
              5              8  3.1811717D+01  3.0202849D+01  3.0220336D+01  3.1795195D+01
              5              9  3.4988781D+01  3.3385444D+01  3.3401106D+01  3.4973891D+01
              6              1  9.9361095D+00  7.5012661D+00  7.8377378D+00  9.8147970D+00
              6              2  1.3589290D+01  1.1734936D+01  1.1811037D+01  1.3532812D+01
              6              3  1.7003820D+01  1.5268181D+01  1.5313615D+01  1.6965526D+01
              6              4  2.0320789D+01  1.8637443D+01  1.8670705D+01  2.0291286D+01
              6              5  2.3586084D+01  2.1931715D+01  2.1958291D+01  2.3561863D+01
              6              6  2.6820152D+01  2.5183926D+01  2.5206208D+01  2.6799500D+01
              6              7  3.0033722D+01  2.8409776D+01  2.8429037D+01  3.0015665D+01
              6              8  3.3233042D+01  3.1617876D+01  3.1634880D+01  3.3216968D+01
              6              9  3.6422020D+01  3.4813393D+01  3.4828639D+01  3.6407517D+01
              7              1  1.1086370D+01  8.5778365D+00  8.9196057D+00  1.0965152D+01
              7              2  1.4821269D+01  1.2932386D+01  1.3007711D+01  1.4765687D+01
              7              3  1.8287583D+01  1.6529366D+01  1.6573915D+01  1.8250123D+01
              7              4  2.1641541D+01  1.9941853D+01  1.9974342D+01  2.1612750D+01
              7              5  2.4934928D+01  2.3268053D+01  2.3293973D+01  2.4911311D+01
              7              6  2.8191188D+01  2.6545032D+01  2.6566756D+01  2.8171052D+01
              7              7  3.1422794D+01  2.9790749D+01  2.9809531D+01  3.1405181D+01
              7              8  3.4637089D+01  3.3015179D+01  3.3031769D+01  3.4621401D+01
              7              9  3.7838717D+01  3.6224381D+01  3.6239266D+01  3.7824552D+01
              8              1  1.2225092D+01  9.6474217D+00  9.9946284D+00  1.2103642D+01
              8              2  1.6037774D+01  1.4115519D+01  1.4190361D+01  1.5982841D+01
              8              3  1.9554536D+01  1.7774012D+01  1.7817888D+01  1.9517731D+01
              8              4  2.2945173D+01  2.1229063D+01  2.1260932D+01  2.2916962D+01
              8              5  2.6266815D+01  2.4587197D+01  2.4612576D+01  2.6243701D+01
              8              6  2.9545660D+01  2.7889269D+01  2.7910525D+01  2.9525960D+01
              8              7  3.2795800D+01  3.1155327D+01  3.1173702D+01  3.2778568D+01
              8              8  3.6025615D+01  3.4396629D+01  3.4412862D+01  3.6010262D+01
              8              9  3.9240448D+01  3.7620078D+01  3.7634649D+01  3.9226579D+01
              9              1  1.3354300D+01  1.0711434D+01  1.1064090D+01  1.3232404D+01
              9              2  1.7241220D+01  1.5286738D+01  1.5361301D+01  1.7186757D+01
              9              3  2.0807048D+01  1.9004594D+01  1.9047950D+01  2.0770763D+01
              9              4  2.4233885D+01  2.2501399D+01  2.2532765D+01  2.4206152D+01
              9              5  2.7583749D+01  2.5891277D+01  2.5916205D+01  2.7561059D+01
              9              6  3.0885379D+01  2.9218563D+01  2.9239421D+01  3.0866054D+01
              9              7  3.4154378D+01  3.2505247D+01  3.2523271D+01  3.4137477D+01
              9              8  3.7400100D+01  3.5763793D+01  3.5779715D+01  3.7385040D+01
              9              9  4.0628554D+01  3.9001903D+01  3.9016197D+01  4.0614946D+01
